1787587006
1787565387
1787566261
1787568249
1787588073
1787568072
1787568590
1787568780
1787569113
1787589584
1787566974
1787567484
1787587006
1787565387
1787566261
1787568249
1787588073
1787568072
1787568590
1787568780
1787569113
1787589584
1787566974
1787567484
1787587006
1787565387
1787566261
1787568249
1787588073
1787568072
1787568590
1787568780
1787569113
1787589584
1787566974
1787567484
1787568426
1787569044
1787592024
1787567685
1787569239
1787592047
1787569562
1787593070
1787594036
1787577875
1787577990
1787577612
1787579293
1787600188
1787578595
1787599992
1787579044
1787567266
1787578585
1787579007
1787626034
1787630108
1787608607
1787630394
1787609071
1787609020
1787631804
1787607493
1787609036
